72
1.8
0.7
2.0
1.1
2.1
1.6
2.0
2.0
1.8
2.5
1.8
3.2
1.8
3.8
1.8
4.5
1.7
5.2
1.4
5.8
1.3
6.1
1.1
6.7
0.9
7.3
0.9
7.9
1.1
8.2
1.5
7.9
1.6
7.7
1.7
7.1
2.1
6.5
2.8
5.7
2.8
6.4
2.7
7.1
2.7
8.0
2.6
8.6
2.7
9.3
3.1
9.5
3.4
9.2
3.5
8.4
3.5
7.9
3.6
7.3
3.6
6.6
3.9
6.1
4.2
6.7
4.2
7.5
4.3
7.9
4.4
8.6
4.5
9.3
4.7
9.7
5.0
9.8
5.3
9.5
5.3
8.6
5.3
7.7
5.1
7.0
5.0
6.0
5.3
6.3
5.6
7.0
6.0
7.7
6.3
8.5
6.6
9.1
7.0
9.1
7.1
8.4
6.9
7.7
6.8
7.1
6.4
6.4
6.3
5.7
6.2
4.9
6.3
4.0
7.1
3.8
7.9
4.4
8.7
4.9
9.6
5.0
9.9
4.7
9.1
4.1
8.6
3.7
8.1
3.5
7.6
3.0
7.0
2.5
6.4
2.0
6.0
1.6
5.1
1.3
4.9
1.1
4.5
0.4
